76561198040465735
76561198040465739
76561198040465785
76561198040465811
76561198040465815
76561198040465835
76561198040465841
76561198040465847
76561198040465853
76561198040465925
76561198040465959
76561198040465961
76561198040465965
76561198040465981
76561198040465987
76561198040466009
76561198040466023
76561198040466041
76561198040466047
76561198040466051
76561198040466057
76561198040466087
76561198040466093
76561198040466101
76561198040466107
76561198040466125
76561198040466137
76561198040466139
76561198040466149
76561198040466171
76561198040466173
76561198040466191
76561198040466201
76561198040466209
76561198040466217
76561198040466249
76561198040466251
76561198040466281
76561198040466295
76561198040466305
76561198040466309
76561198040466325
76561198040466335
76561198040466337
76561198040466347
76561198040466377
76561198040466379
76561198040466391
76561198040466427
76561198040466463
76561198040466469
76561198040466481
76561198040466499
76561198040466507
76561198040466509
76561198040466521
76561198040466539
76561198040466551
76561198040466553
76561198040466569
76561198040466613
76561198040466617
76561198040466627
76561198040466639
76561198040466657
76561198040466669
76561198040466673
76561198040466677
76561198040466679
76561198040466689
76561198040466691
76561198040466699
76561198040466705
76561198040466711
